6.31242895 46.37388992
6.29250717 46.36715317
6.27585793 46.35687637
6.26953077 46.34563065
6.25424099 46.33105469
6.24865007 46.319561
6.24776459 46.31773758
6.23903322 46.31166458
6.2323699 46.30063248
6.20938349 46.27589035
6.1974926 46.27220535
6.18877363 46.26612473
6.18525648 46.26094437
6.18305492 46.244133
6.17345619 46.2290802
6.15965033 46.21706772
6.15732861 46.21625519
6.1478138 46.21292114
6.14566851 46.21489716
6.14780807 46.22071075
6.14412165 46.24072266
6.14650631 46.25525284
6.15229797 46.26465225
6.16080093 46.26934814
6.16458702 46.27523041
6.16834736 46.30081177
6.18834639 46.32177734
6.19341612 46.32816696
6.20433664 46.35517883
6.21456432 46.36704254
6.22659588 46.37714386
6.23479271 46.38182068
6.24299383 46.3903923
6.24933195 46.39362335
6.26520395 46.39745712
6.27450895 46.40080261
6.28513288 46.41611099
6.28956985 46.42636108
6.29921055 46.42971802
6.30857658 46.44039154
6.33511114 46.45952225
6.34845495 46.46622086
6.3609314 46.46739197
6.38957548 46.46506119
6.39886618 46.46472931
6.45572329 46.48178101
6.47196627 46.49384689
6.48040009 46.49599457
6.49034357 46.50827789
6.49771738 46.51130295
6.50803041 46.51901627
6.51129532 46.5195961
6.53177309 46.5118866
6.53776932 46.5114212
6.55535507 46.51092911
6.57214594 46.51635742
6.58768082 46.51670074
6.60504436 46.51481628
6.61803246 46.50956726
6.64800739 46.50722122
6.66138411 46.50976562
6.66770744 46.5083046
6.68969059 46.50322723
6.7083478 46.49290466
6.71614647 46.49043655
6.72846127 46.48950195
6.74096823 46.49040222
6.75990772 46.48054123
6.7737956 46.47621918
6.78437138 46.47636414
6.82424498 46.46951294
6.83190727 46.46428299
6.83302641 46.46364212
6.83605099 46.46191025
6.84439898 46.46082687
6.86015844 46.4533577
6.86853838 46.45181274
6.88432598 46.44388199
6.90093231 46.43827057
6.90599537 46.43226242
6.91005087 46.43102646
6.91450262 46.42430878
6.91995811 46.41281509
6.91623306 46.40490341
6.9109602 46.40014648
6.87077284 46.3985405
6.85637426 46.3966713
6.85456467 46.39431763
6.85237455 46.39263916
6.84947014 46.39305496
6.84202623 46.39411545
6.82723284 46.3931427
6.80062771 46.39999771
6.78650951 46.39881897
6.75311804 46.40794373
6.73691797 46.40805817
6.70845604 46.41299438
6.67334175 46.4108696
6.66207409 46.41018295
6.63117981 46.41226959
6.61702633 46.41152191
6.554533 46.40349579
6.53304386 46.40361404
6.52120495 46.40706635
6.51349592 46.40425873
6.50310946 46.39356232
6.5014472 46.39785385
6.50740147 46.40620804
6.50798845 46.40703201
6.50650787 46.40903473
6.48717403 46.40281296
6.47930145 46.39793396
6.47353268 46.38328934
6.4663043 46.37866592
6.4448452 46.37029266
6.42569447 46.36612701
6.40963554 46.36459732
6.40430164 46.35706329
6.39715195 46.35564423
6.38604498 46.34605408
6.3728056 46.34645844
6.37172508 46.3475647
6.36796331 46.34915543
6.35633469 46.35406876
6.34816742 46.36909866
6.34283447 46.373703
6.33311653 46.37538528
6.31242895 46.37388992
