Title
GRACE TWS for lon:6.09/lat:46.25/rad:100km
Subtitle
25 km
Scale Factor = 0.77
Time Series Values [mm]
Time / GRACE / Scaled GRACE / Unscaled Error / Scaled Error
     2002.29      127.84       97.96       55.81       48.38
     2002.36      101.37       77.68       55.81       48.38
     2002.62       14.29       10.95       55.81       48.38
     2002.71       59.71       45.75       55.81       48.38
     2002.79       20.84       15.97       55.81       48.38
     2002.88       68.95       52.83       55.81       48.38
     2002.96      127.72       97.88       55.81       48.38
     2003.04      152.72      117.03       55.81       48.38
     2003.12      216.31      165.76       55.81       48.38
     2003.21      129.29       99.08       55.81       48.38
     2003.29       -3.47       -2.66       55.81       48.38
     2003.36       98.93       75.81       55.81       48.38
     2003.54      -82.33      -63.09       55.81       48.38
     2003.62      -61.42      -47.07       55.81       48.38
     2003.71     -132.83     -101.79       55.81       48.38
     2003.79     -101.19      -77.55       55.81       48.38
     2003.88      -19.49      -14.94       55.81       48.38
     2003.96       50.72       38.87       55.81       48.38
     2004.02      117.62       90.13       55.81       48.38
     2004.13      118.32       90.67       55.81       48.38
     2004.21      112.88       86.50       55.81       48.38
     2004.29      104.33       79.95       55.81       48.38
     2004.38       43.99       33.71       55.81       48.38
     2004.46       29.10       22.30       55.81       48.38
     2004.54       29.43       22.55       55.81       48.38
     2004.63      -11.51       -8.82       55.81       48.38
     2004.71      -31.44      -24.09       55.81       48.38
     2004.79      -37.06      -28.40       55.81       48.38
     2004.88      -13.42      -10.28       55.81       48.38
     2004.96      -22.35      -17.13       55.81       48.38
     2005.05       22.59       17.31       55.81       48.38
     2005.13       51.67       39.59       55.81       48.38
     2005.21       26.36       20.20       55.81       48.38
     2005.29       50.71       38.86       55.81       48.38
     2005.38       39.09       29.96       55.81       48.38
     2005.46      -38.84      -29.77       55.81       48.38
     2005.54      -53.49      -40.99       55.81       48.38
     2005.63     -116.95      -89.62       55.81       48.38
     2005.71     -106.26      -81.43       55.81       48.38
     2005.79      -92.86      -71.16       55.81       48.38
     2005.88      -72.06      -55.22       55.81       48.38
     2005.96        0.29        0.22       55.81       48.38
     2006.05      -12.14       -9.30       55.81       48.38
     2006.13      -23.47      -17.98       55.81       48.38
     2006.21       99.24       76.05       55.81       48.38
     2006.29      102.97       78.90       55.81       48.38
     2006.38       37.39       28.65       55.81       48.38
     2006.46       -4.69       -3.60       55.81       48.38
     2006.54      -87.27      -66.88       55.81       48.38
     2006.63      -73.00      -55.94       55.81       48.38
     2006.71      -94.69      -72.56       55.81       48.38
     2006.79      -72.59      -55.63       55.81       48.38
     2006.88      -85.41      -65.45       55.81       48.38
     2006.96      -32.39      -24.82       55.81       48.38
     2007.05       20.74       15.89       55.81       48.38
     2007.13       36.91       28.29       55.81       48.38
     2007.21       35.23       27.00       55.81       48.38
     2007.29        8.53        6.54       55.81       48.38
     2007.38      -38.51      -29.51       55.81       48.38
     2007.46       29.01       22.23       55.81       48.38
     2007.54       28.53       21.87       55.81       48.38
     2007.63      -24.95      -19.12       55.81       48.38
     2007.71      -68.14      -52.22       55.81       48.38
     2007.79      -89.46      -68.55       55.81       48.38
     2007.88      -43.78      -33.55       55.81       48.38
     2007.96        8.49        6.51       55.81       48.38
     2008.05       -9.61       -7.36       55.81       48.38
     2008.13       22.55       17.28       55.81       48.38
     2008.21       45.45       34.83       55.81       48.38
     2008.29       27.08       20.75       55.81       48.38
     2008.38       56.38       43.21       55.81       48.38
     2008.46       49.05       37.59       55.81       48.38
     2008.55      -46.23      -35.43       55.81       48.38
     2008.63      -48.34      -37.04       55.81       48.38
     2008.71      -43.45      -33.29       55.81       48.38
     2008.80      -97.34      -74.59       55.81       48.38
     2008.88       13.33       10.22       55.81       48.38
     2008.96       37.47       28.71       55.81       48.38
     2009.05       89.76       68.78       55.81       48.38
     2009.13       61.47       47.11       55.81       48.38
     2009.21      113.07       86.65       55.81       48.38
     2009.29       81.58       62.52       55.81       48.38
     2009.38       20.83       15.96       55.81       48.38
     2009.46      -17.48      -13.40       55.81       48.38
     2009.55       -8.67       -6.65       55.81       48.38
     2009.63      -85.40      -65.45       55.81       48.38
     2009.71      -84.44      -64.71       55.81       48.38
     2009.80     -140.63     -107.76       55.81       48.38
     2009.88      -86.73      -66.46       55.81       48.38
     2009.96       -3.66       -2.81       55.81       48.38
     2010.05        5.45        4.17       55.81       48.38
     2010.13       31.58       24.20       55.81       48.38
     2010.21       -1.16       -0.89       55.81       48.38
     2010.29       15.61       11.96       55.81       48.38
     2010.38       60.64       46.47       55.81       48.38
     2010.46       -0.23       -0.17       55.81       48.38
     2010.55      -82.98      -63.58       55.81       48.38
     2010.63      -77.44      -59.34       55.81       48.38
     2010.71      -79.10      -60.61       55.81       48.38
     2010.80      -95.47      -73.16       55.81       48.38
     2010.88      -20.27      -15.54       55.81       48.38
     2010.96       56.35       43.18       55.81       48.38
     2011.14       31.07       23.81       55.81       48.38
     2011.21       59.38       45.51       55.81       48.38
     2011.29       11.43        8.76       55.81       48.38
     2011.38      -72.36      -55.45       55.81       48.38
     2011.55      -81.14      -62.18       55.81       48.38
     2011.63      -97.78      -74.93       55.81       48.38
     2011.71     -113.89      -87.28       55.81       48.38
     2011.80     -131.82     -101.01       55.81       48.38
     2011.84      -78.20      -59.93       55.81       48.38
     2012.00       10.03        7.69       55.81       48.38
     2012.05       10.46        8.01       55.81       48.38
     2012.13       74.62       57.18       55.81       48.38
     2012.21       55.86       42.81       55.81       48.38
     2012.26       -4.20       -3.22       55.81       48.38
     2012.46        5.64        4.32       55.81       48.38
     2012.55      -18.94      -14.51       55.81       48.38
     2012.63      -85.63      -65.62       55.81       48.38
     2012.71     -100.32      -76.87       55.81       48.38
     2012.89      -77.93      -59.72       55.81       48.38
     2012.97       25.54       19.57       55.81       48.38
     2013.05       24.20       18.55       55.81       48.38
     2013.13       98.50       75.48       55.81       48.38
     2013.31      102.90       78.85       55.81       48.38
     2013.38       83.02       63.62       55.81       48.38
     2013.46       47.71       36.56       55.81       48.38
     2013.55       -1.50       -1.15       55.81       48.38
     2013.80      -26.65      -20.42       55.81       48.38
     2013.88      -24.66      -18.90       55.81       48.38
     2013.97      -14.10      -10.81       55.81       48.38
     2014.03       70.09       53.71       55.81       48.38
     2014.21      122.20       93.65       55.81       48.38
     2014.30       66.36       50.85       55.81       48.38
     2014.38       42.32       32.43       55.81       48.38
     2014.46      -22.76      -17.44       55.81       48.38
     2014.63       -7.35       -5.64       55.81       48.38
     2014.72      -27.63      -21.17       55.81       48.38
     2014.80      -44.82      -34.34       55.81       48.38
     2014.88       51.27       39.29       55.81       48.38
     2015.07       72.49       55.55       55.81       48.38
     2015.13       16.47       12.62       55.81       48.38
     2015.21       78.42       60.09       55.81       48.38
     2015.30       48.98       37.54       55.81       48.38
     2015.33       34.53       26.46       55.81       48.38
     2015.55      -71.35      -54.68       55.81       48.38
     2015.63     -103.92      -79.63       55.81       48.38
     2015.71     -144.51     -110.74       55.81       48.38
