Title
GRACE TWS for lon:6.09/lat:46.26/rad:100km
Subtitle
100 km
Scale Factor = 0.76
Time Series Values [mm]
Time / GRACE / Scaled GRACE / Unscaled Error / Scaled Error
     2002.29      103.89       79.16       51.71       45.43
     2002.36       89.13       67.91       51.71       45.43
     2002.62       12.45        9.48       51.71       45.43
     2002.71       51.57       39.30       51.71       45.43
     2002.79       17.16       13.08       51.71       45.43
     2002.88       65.73       50.09       51.71       45.43
     2002.96      125.60       95.70       51.71       45.43
     2003.04      145.08      110.55       51.71       45.43
     2003.12      206.36      157.24       51.71       45.43
     2003.21      127.96       97.50       51.71       45.43
     2003.29       17.73       13.51       51.71       45.43
     2003.36       88.19       67.20       51.71       45.43
     2003.54      -74.72      -56.94       51.71       45.43
     2003.62      -62.47      -47.60       51.71       45.43
     2003.71     -127.99      -97.53       51.71       45.43
     2003.79      -99.67      -75.94       51.71       45.43
     2003.88      -21.55      -16.42       51.71       45.43
     2003.96       46.25       35.24       51.71       45.43
     2004.02      107.81       82.15       51.71       45.43
     2004.13      110.16       83.94       51.71       45.43
     2004.21      109.80       83.66       51.71       45.43
     2004.29      101.44       77.30       51.71       45.43
     2004.38       43.35       33.03       51.71       45.43
     2004.46       30.05       22.90       51.71       45.43
     2004.54       25.21       19.21       51.71       45.43
     2004.63      -14.79      -11.27       51.71       45.43
     2004.71      -35.10      -26.75       51.71       45.43
     2004.79      -41.34      -31.50       51.71       45.43
     2004.88      -10.90       -8.30       51.71       45.43
     2004.96      -17.27      -13.16       51.71       45.43
     2005.05       22.35       17.03       51.71       45.43
     2005.13       49.78       37.93       51.71       45.43
     2005.21       28.80       21.95       51.71       45.43
     2005.29       43.90       33.45       51.71       45.43
     2005.38       36.19       27.57       51.71       45.43
     2005.46      -34.38      -26.20       51.71       45.43
     2005.54      -53.75      -40.95       51.71       45.43
     2005.63     -110.52      -84.21       51.71       45.43
     2005.71      -99.15      -75.55       51.71       45.43
     2005.79      -86.50      -65.91       51.71       45.43
     2005.88      -69.27      -52.78       51.71       45.43
     2005.96       -4.45       -3.39       51.71       45.43
     2006.05       -8.57       -6.53       51.71       45.43
     2006.13      -15.12      -11.52       51.71       45.43
     2006.21       97.84       74.55       51.71       45.43
     2006.29       94.63       72.10       51.71       45.43
     2006.38       35.75       27.24       51.71       45.43
     2006.46       -6.14       -4.68       51.71       45.43
     2006.54      -81.82      -62.35       51.71       45.43
     2006.63      -69.92      -53.28       51.71       45.43
     2006.71      -86.14      -65.64       51.71       45.43
     2006.79      -65.93      -50.24       51.71       45.43
     2006.88      -77.27      -58.88       51.71       45.43
     2006.96      -27.70      -21.10       51.71       45.43
     2007.05       18.94       14.43       51.71       45.43
     2007.13       33.36       25.42       51.71       45.43
     2007.21       37.76       28.77       51.71       45.43
     2007.29        8.26        6.30       51.71       45.43
     2007.38      -35.11      -26.75       51.71       45.43
     2007.46       26.61       20.28       51.71       45.43
     2007.54       21.41       16.32       51.71       45.43
     2007.63      -26.41      -20.12       51.71       45.43
     2007.71      -68.04      -51.85       51.71       45.43
     2007.79      -85.43      -65.09       51.71       45.43
     2007.88      -44.27      -33.73       51.71       45.43
     2007.96        6.06        4.62       51.71       45.43
     2008.05       -5.15       -3.92       51.71       45.43
     2008.13       18.91       14.41       51.71       45.43
     2008.21       44.26       33.73       51.71       45.43
     2008.29       26.84       20.45       51.71       45.43
     2008.38       50.36       38.37       51.71       45.43
     2008.46       46.72       35.60       51.71       45.43
     2008.55      -44.45      -33.87       51.71       45.43
     2008.63      -47.42      -36.14       51.71       45.43
     2008.71      -47.67      -36.32       51.71       45.43
     2008.80      -92.67      -70.61       51.71       45.43
     2008.88        9.16        6.98       51.71       45.43
     2008.96       40.61       30.95       51.71       45.43
     2009.05       83.67       63.75       51.71       45.43
     2009.13       63.64       48.50       51.71       45.43
     2009.21      107.77       82.12       51.71       45.43
     2009.29       77.36       58.94       51.71       45.43
     2009.38       24.84       18.93       51.71       45.43
     2009.46      -13.54      -10.32       51.71       45.43
     2009.55      -13.91      -10.60       51.71       45.43
     2009.63      -79.61      -60.66       51.71       45.43
     2009.71      -86.35      -65.80       51.71       45.43
     2009.80     -134.04     -102.13       51.71       45.43
     2009.88      -80.92      -61.66       51.71       45.43
     2009.96       -7.73       -5.89       51.71       45.43
     2010.05       10.46        7.97       51.71       45.43
     2010.13       34.95       26.63       51.71       45.43
     2010.21       13.83       10.54       51.71       45.43
     2010.29       20.21       15.40       51.71       45.43
     2010.38       57.89       44.11       51.71       45.43
     2010.46        2.77        2.11       51.71       45.43
     2010.55      -77.32      -58.92       51.71       45.43
     2010.63      -71.21      -54.26       51.71       45.43
     2010.71      -72.65      -55.36       51.71       45.43
     2010.80      -83.47      -63.60       51.71       45.43
     2010.88      -12.96       -9.87       51.71       45.43
     2010.96       59.45       45.30       51.71       45.43
     2011.14       37.46       28.54       51.71       45.43
     2011.21       59.14       45.06       51.71       45.43
     2011.29       14.76       11.24       51.71       45.43
     2011.38      -63.91      -48.69       51.71       45.43
     2011.55      -78.93      -60.15       51.71       45.43
     2011.63      -92.25      -70.29       51.71       45.43
     2011.71     -106.00      -80.77       51.71       45.43
     2011.80     -125.64      -95.73       51.71       45.43
     2011.84      -74.65      -56.88       51.71       45.43
     2012.00       12.64        9.63       51.71       45.43
     2012.05       14.58       11.11       51.71       45.43
     2012.13       65.33       49.78       51.71       45.43
     2012.21       52.23       39.80       51.71       45.43
     2012.26       -1.71       -1.31       51.71       45.43
     2012.46        2.45        1.87       51.71       45.43
     2012.55      -19.44      -14.81       51.71       45.43
     2012.63      -80.19      -61.10       51.71       45.43
     2012.71      -98.65      -75.17       51.71       45.43
     2012.89      -69.62      -53.05       51.71       45.43
     2012.97       28.34       21.59       51.71       45.43
     2013.05       28.37       21.62       51.71       45.43
     2013.13       96.81       73.77       51.71       45.43
     2013.31       99.70       75.97       51.71       45.43
     2013.38       81.90       62.40       51.71       45.43
     2013.46       54.85       41.79       51.71       45.43
     2013.55       -1.62       -1.24       51.71       45.43
     2013.80      -23.18      -17.66       51.71       45.43
     2013.88      -18.59      -14.17       51.71       45.43
     2013.97       -9.79       -7.46       51.71       45.43
     2014.03       69.68       53.10       51.71       45.43
     2014.21      119.64       91.16       51.71       45.43
     2014.30       64.08       48.83       51.71       45.43
     2014.38       40.50       30.86       51.71       45.43
     2014.46      -20.26      -15.44       51.71       45.43
     2014.63       -4.02       -3.07       51.71       45.43
     2014.72      -23.95      -18.25       51.71       45.43
     2014.80      -38.98      -29.70       51.71       45.43
     2014.88       54.24       41.33       51.71       45.43
     2015.07       71.84       54.74       51.71       45.43
     2015.13       17.20       13.11       51.71       45.43
     2015.21       77.59       59.12       51.71       45.43
     2015.30       46.59       35.50       51.71       45.43
     2015.33       32.84       25.02       51.71       45.43
     2015.55      -66.39      -50.59       51.71       45.43
     2015.63      -96.67      -73.66       51.71       45.43
     2015.71     -136.55     -104.05       51.71       45.43
