Title
GRACE TWS for lon:6.09/lat:46.26/rad:200km
Subtitle
100 km
Scale Factor = 0.94
Time Series Values [mm]
Time / GRACE / Scaled GRACE / Unscaled Error / Scaled Error
     2002.29       79.63       74.62       33.12       31.71
     2002.36       75.98       71.20       33.12       31.71
     2002.62        9.92        9.30       33.12       31.71
     2002.71       44.03       41.26       33.12       31.71
     2002.79       12.31       11.54       33.12       31.71
     2002.88       62.02       58.12       33.12       31.71
     2002.96      122.74      115.02       33.12       31.71
     2003.04      136.82      128.22       33.12       31.71
     2003.12      194.86      182.60       33.12       31.71
     2003.21      126.47      118.51       33.12       31.71
     2003.29       39.71       37.21       33.12       31.71
     2003.36       77.70       72.81       33.12       31.71
     2003.54      -67.79      -63.52       33.12       31.71
     2003.62      -64.21      -60.17       33.12       31.71
     2003.71     -124.23     -116.41       33.12       31.71
     2003.79      -98.75      -92.54       33.12       31.71
     2003.88      -24.20      -22.67       33.12       31.71
     2003.96       42.02       39.38       33.12       31.71
     2004.02       98.31       92.13       33.12       31.71
     2004.13      102.57       96.12       33.12       31.71
     2004.21      107.33      100.58       33.12       31.71
     2004.29       98.17       91.99       33.12       31.71
     2004.38       43.45       40.72       33.12       31.71
     2004.46       29.86       27.98       33.12       31.71
     2004.54       20.69       19.39       33.12       31.71
     2004.63      -17.73      -16.62       33.12       31.71
     2004.71      -38.71      -36.27       33.12       31.71
     2004.79      -45.47      -42.61       33.12       31.71
     2004.88       -8.41       -7.88       33.12       31.71
     2004.96      -13.57      -12.72       33.12       31.71
     2005.05       21.42       20.07       33.12       31.71
     2005.13       47.24       44.26       33.12       31.71
     2005.21       30.87       28.93       33.12       31.71
     2005.29       37.33       34.98       33.12       31.71
     2005.38       33.03       30.95       33.12       31.71
     2005.46      -30.29      -28.38       33.12       31.71
     2005.54      -54.59      -51.15       33.12       31.71
     2005.63     -104.60      -98.02       33.12       31.71
     2005.71      -92.52      -86.70       33.12       31.71
     2005.79      -80.16      -75.11       33.12       31.71
     2005.88      -66.49      -62.31       33.12       31.71
     2005.96       -7.95       -7.45       33.12       31.71
     2006.05       -4.99       -4.68       33.12       31.71
     2006.13       -7.03       -6.58       33.12       31.71
     2006.21       96.15       90.10       33.12       31.71
     2006.29       86.52       81.08       33.12       31.71
     2006.38       34.05       31.91       33.12       31.71
     2006.46       -7.55       -7.07       33.12       31.71
     2006.54      -77.20      -72.34       33.12       31.71
     2006.63      -67.29      -63.05       33.12       31.71
     2006.71      -78.47      -73.53       33.12       31.71
     2006.79      -59.72      -55.97       33.12       31.71
     2006.88      -69.87      -65.48       33.12       31.71
     2006.96      -23.42      -21.95       33.12       31.71
     2007.05       17.75       16.63       33.12       31.71
     2007.13       30.52       28.60       33.12       31.71
     2007.21       40.16       37.64       33.12       31.71
     2007.29        8.16        7.65       33.12       31.71
     2007.38      -31.23      -29.26       33.12       31.71
     2007.46       24.60       23.06       33.12       31.71
     2007.54       13.84       12.97       33.12       31.71
     2007.63      -27.76      -26.02       33.12       31.71
     2007.71      -68.14      -63.86       33.12       31.71
     2007.79      -81.24      -76.13       33.12       31.71
     2007.88      -44.93      -42.11       33.12       31.71
     2007.96        3.67        3.44       33.12       31.71
     2008.05       -1.52       -1.42       33.12       31.71
     2008.13       15.55       14.58       33.12       31.71
     2008.21       42.89       40.19       33.12       31.71
     2008.29       27.11       25.40       33.12       31.71
     2008.38       45.16       42.32       33.12       31.71
     2008.46       44.79       41.97       33.12       31.71
     2008.55      -42.52      -39.85       33.12       31.71
     2008.63      -46.32      -43.41       33.12       31.71
     2008.71      -51.27      -48.05       33.12       31.71
     2008.80      -87.69      -82.17       33.12       31.71
     2008.88        5.81        5.45       33.12       31.71
     2008.96       43.24       40.52       33.12       31.71
     2009.05       78.01       73.10       33.12       31.71
     2009.13       65.90       61.75       33.12       31.71
     2009.21      103.28       96.79       33.12       31.71
     2009.29       74.25       69.58       33.12       31.71
     2009.38       29.63       27.76       33.12       31.71
     2009.46       -9.16       -8.59       33.12       31.71
     2009.55      -18.18      -17.03       33.12       31.71
     2009.63      -72.69      -68.11       33.12       31.71
     2009.71      -87.46      -81.95       33.12       31.71
     2009.80     -127.55     -119.52       33.12       31.71
     2009.88      -75.29      -70.55       33.12       31.71
     2009.96      -10.76      -10.08       33.12       31.71
     2010.05       15.45       14.47       33.12       31.71
     2010.13       38.38       35.96       33.12       31.71
     2010.21       28.55       26.76       33.12       31.71
     2010.29       25.26       23.67       33.12       31.71
     2010.38       56.35       52.80       33.12       31.71
     2010.46        6.90        6.47       33.12       31.71
     2010.55      -70.92      -66.46       33.12       31.71
     2010.63      -64.34      -60.29       33.12       31.71
     2010.71      -65.68      -61.55       33.12       31.71
     2010.80      -70.83      -66.38       33.12       31.71
     2010.88       -5.77       -5.40       33.12       31.71
     2010.96       63.56       59.56       33.12       31.71
     2011.14       43.78       41.03       33.12       31.71
     2011.21       60.46       56.66       33.12       31.71
     2011.29       19.23       18.02       33.12       31.71
     2011.38      -54.45      -51.02       33.12       31.71
     2011.55      -74.52      -69.83       33.12       31.71
     2011.63      -85.12      -79.76       33.12       31.71
     2011.71      -97.66      -91.52       33.12       31.71
     2011.80     -118.12     -110.69       33.12       31.71
     2011.84      -69.92      -65.52       33.12       31.71
     2012.00       16.24       15.22       33.12       31.71
     2012.05       20.02       18.77       33.12       31.71
     2012.13       57.17       53.57       33.12       31.71
     2012.21       50.12       46.96       33.12       31.71
     2012.26        2.07        1.94       33.12       31.71
     2012.46        0.97        0.91       33.12       31.71
     2012.55      -17.84      -16.72       33.12       31.71
     2012.63      -73.27      -68.66       33.12       31.71
     2012.71      -94.91      -88.94       33.12       31.71
     2012.89      -60.36      -56.56       33.12       31.71
     2012.97       32.34       30.31       33.12       31.71
     2013.05       34.11       31.96       33.12       31.71
     2013.13       96.86       90.77       33.12       31.71
     2013.31       98.47       92.28       33.12       31.71
     2013.38       82.77       77.57       33.12       31.71
     2013.46       63.00       59.04       33.12       31.71
     2013.55        0.25        0.24       33.12       31.71
     2013.80      -18.21      -17.07       33.12       31.71
     2013.88      -11.14      -10.44       33.12       31.71
     2013.97       -4.33       -4.06       33.12       31.71
     2014.03       70.09       65.68       33.12       31.71
     2014.21      119.31      111.81       33.12       31.71
     2014.30       63.80       59.79       33.12       31.71
     2014.38       40.41       37.87       33.12       31.71
     2014.46      -16.04      -15.03       33.12       31.71
     2014.63        0.18        0.17       33.12       31.71
     2014.72      -18.82      -17.64       33.12       31.71
     2014.80      -31.95      -29.94       33.12       31.71
     2014.88       59.41       55.68       33.12       31.71
     2015.07       72.98       68.39       33.12       31.71
     2015.13       22.42       21.00       33.12       31.71
     2015.21       79.43       74.43       33.12       31.71
     2015.30       46.29       43.38       33.12       31.71
     2015.33       33.32       31.22       33.12       31.71
     2015.55      -59.25      -55.52       33.12       31.71
     2015.63      -87.29      -81.80       33.12       31.71
     2015.71     -127.54     -119.52       33.12       31.71
