Title
GRACE TWS for lon:6.09/lat:46.26/rad:100km
Subtitle
50 km
Scale Factor = 0.77
Time Series Values [mm]
Time / GRACE / Scaled GRACE / Unscaled Error / Scaled Error
     2002.29      123.19       94.28       54.92       47.74
     2002.36       99.33       76.02       54.92       47.74
     2002.62       14.43       11.04       54.92       47.74
     2002.71       58.45       44.74       54.92       47.74
     2002.79       20.54       15.72       54.92       47.74
     2002.88       68.80       52.65       54.92       47.74
     2002.96      127.82       97.82       54.92       47.74
     2003.04      151.58      116.01       54.92       47.74
     2003.12      214.70      164.32       54.92       47.74
     2003.21      129.53       99.14       54.92       47.74
     2003.29        1.72        1.31       54.92       47.74
     2003.36       97.04       74.27       54.92       47.74
     2003.54      -80.25      -61.42       54.92       47.74
     2003.62      -61.28      -46.90       54.92       47.74
     2003.71     -131.42     -100.58       54.92       47.74
     2003.79     -100.51      -76.92       54.92       47.74
     2003.88      -19.57      -14.98       54.92       47.74
     2003.96       50.12       38.36       54.92       47.74
     2004.02      115.86       88.67       54.92       47.74
     2004.13      116.90       89.47       54.92       47.74
     2004.21      112.57       86.16       54.92       47.74
     2004.29      104.09       79.66       54.92       47.74
     2004.38       44.16       33.80       54.92       47.74
     2004.46       29.65       22.69       54.92       47.74
     2004.54       28.79       22.03       54.92       47.74
     2004.63      -11.98       -9.17       54.92       47.74
     2004.71      -32.01      -24.50       54.92       47.74
     2004.79      -37.80      -28.93       54.92       47.74
     2004.88      -12.62       -9.66       54.92       47.74
     2004.96      -20.98      -16.06       54.92       47.74
     2005.05       22.77       17.42       54.92       47.74
     2005.13       51.47       39.39       54.92       47.74
     2005.21       27.09       20.74       54.92       47.74
     2005.29       49.40       37.81       54.92       47.74
     2005.38       38.62       29.56       54.92       47.74
     2005.46      -37.72      -28.87       54.92       47.74
     2005.54      -53.43      -40.89       54.92       47.74
     2005.63     -115.49      -88.38       54.92       47.74
     2005.71     -104.63      -80.08       54.92       47.74
     2005.79      -91.42      -69.96       54.92       47.74
     2005.88      -71.42      -54.66       54.92       47.74
     2005.96       -0.75       -0.57       54.92       47.74
     2006.05      -11.31       -8.65       54.92       47.74
     2006.13      -21.61      -16.54       54.92       47.74
     2006.21       99.02       75.78       54.92       47.74
     2006.29      101.18       77.44       54.92       47.74
     2006.38       37.07       28.37       54.92       47.74
     2006.46       -5.01       -3.84       54.92       47.74
     2006.54      -86.11      -65.90       54.92       47.74
     2006.63      -72.38      -55.39       54.92       47.74
     2006.71      -92.86      -71.07       54.92       47.74
     2006.79      -71.17      -54.47       54.92       47.74
     2006.88      -83.67      -64.04       54.92       47.74
     2006.96      -31.41      -24.04       54.92       47.74
     2007.05       20.28       15.52       54.92       47.74
     2007.13       36.04       27.58       54.92       47.74
     2007.21       35.73       27.35       54.92       47.74
     2007.29        8.38        6.41       54.92       47.74
     2007.38      -37.90      -29.01       54.92       47.74
     2007.46       28.38       21.72       54.92       47.74
     2007.54       26.83       20.53       54.92       47.74
     2007.63      -25.43      -19.46       54.92       47.74
     2007.71      -68.32      -52.28       54.92       47.74
     2007.79      -88.81      -67.97       54.92       47.74
     2007.88      -44.12      -33.76       54.92       47.74
     2007.96        7.75        5.93       54.92       47.74
     2008.05       -8.80       -6.74       54.92       47.74
     2008.13       21.52       16.47       54.92       47.74
     2008.21       44.99       34.43       54.92       47.74
     2008.29       26.78       20.50       54.92       47.74
     2008.38       54.81       41.95       54.92       47.74
     2008.46       48.32       36.98       54.92       47.74
     2008.55      -46.15      -35.32       54.92       47.74
     2008.63      -48.45      -37.08       54.92       47.74
     2008.71      -44.71      -34.22       54.92       47.74
     2008.80      -96.68      -73.99       54.92       47.74
     2008.88       12.07        9.24       54.92       47.74
     2008.96       37.87       28.98       54.92       47.74
     2009.05       88.11       67.43       54.92       47.74
     2009.13       61.62       47.16       54.92       47.74
     2009.21      111.56       85.38       54.92       47.74
     2009.29       80.32       61.47       54.92       47.74
     2009.38       21.37       16.35       54.92       47.74
     2009.46      -17.01      -13.02       54.92       47.74
     2009.55      -10.27       -7.86       54.92       47.74
     2009.63      -84.57      -64.73       54.92       47.74
     2009.71      -85.37      -65.33       54.92       47.74
     2009.80     -139.68     -106.90       54.92       47.74
     2009.88      -85.94      -65.77       54.92       47.74
     2009.96       -5.09       -3.89       54.92       47.74
     2010.05        6.05        4.63       54.92       47.74
     2010.13       31.83       24.36       54.92       47.74
     2010.21        1.68        1.29       54.92       47.74
     2010.29       16.09       12.32       54.92       47.74
     2010.38       59.52       45.55       54.92       47.74
     2010.46       -0.14       -0.11       54.92       47.74
     2010.55      -82.33      -63.01       54.92       47.74
     2010.63      -76.66      -58.67       54.92       47.74
     2010.71      -78.30      -59.93       54.92       47.74
     2010.80      -93.49      -71.55       54.92       47.74
     2010.88      -19.28      -14.75       54.92       47.74
     2010.96       56.41       43.17       54.92       47.74
     2011.14       31.88       24.40       54.92       47.74
     2011.21       58.67       44.90       54.92       47.74
     2011.29       11.50        8.80       54.92       47.74
     2011.38      -71.21      -54.50       54.92       47.74
     2011.55      -81.41      -62.31       54.92       47.74
     2011.63      -97.35      -74.50       54.92       47.74
     2011.71     -112.94      -86.44       54.92       47.74
     2011.80     -131.28     -100.47       54.92       47.74
     2011.84      -78.21      -59.86       54.92       47.74
     2012.00        9.85        7.54       54.92       47.74
     2012.05       10.62        8.13       54.92       47.74
     2012.13       71.80       54.95       54.92       47.74
     2012.21       54.26       41.53       54.92       47.74
     2012.26       -4.45       -3.41       54.92       47.74
     2012.46        4.09        3.13       54.92       47.74
     2012.55      -19.91      -15.24       54.92       47.74
     2012.63      -85.32      -65.30       54.92       47.74
     2012.71     -100.88      -77.21       54.92       47.74
     2012.89      -77.00      -58.93       54.92       47.74
     2012.97       25.27       19.34       54.92       47.74
     2013.05       24.23       18.55       54.92       47.74
     2013.13       97.26       74.44       54.92       47.74
     2013.31      101.30       77.53       54.92       47.74
     2013.38       81.86       62.65       54.92       47.74
     2013.46       48.35       37.01       54.92       47.74
     2013.55       -2.52       -1.93       54.92       47.74
     2013.80      -26.94      -20.62       54.92       47.74
     2013.88      -24.34      -18.63       54.92       47.74
     2013.97      -14.22      -10.88       54.92       47.74
     2014.03       68.97       52.79       54.92       47.74
     2014.21      120.64       92.33       54.92       47.74
     2014.30       64.81       49.60       54.92       47.74
     2014.38       40.85       31.27       54.92       47.74
     2014.46      -23.32      -17.84       54.92       47.74
     2014.63       -7.74       -5.92       54.92       47.74
     2014.72      -27.99      -21.43       54.92       47.74
     2014.80      -44.71      -34.22       54.92       47.74
     2014.88       50.78       38.86       54.92       47.74
     2015.07       71.14       54.45       54.92       47.74
     2015.13       15.38       11.77       54.92       47.74
     2015.21       77.03       58.96       54.92       47.74
     2015.30       47.25       36.16       54.92       47.74
     2015.33       32.95       25.22       54.92       47.74
     2015.55      -71.56      -54.77       54.92       47.74
     2015.63     -103.64      -79.32       54.92       47.74
     2015.71     -144.11     -110.29       54.92       47.74
